https://www.youtube.com/watch?v=43tBrOV1-sY
216750000 0.480481398 0.854189121 0.500000000 0.500000000 0.000000000 0.000000000 0.995465279 -0.019788163 0.093044363 0.035856215 0.019632204 0.999803901 0.002591300 0.004631840 -0.093077391 -0.000752884 0.995658576 -0.056805714
216784000 0.480481398 0.854189121 0.500000000 0.500000000 0.000000000 0.000000000 0.994994640 -0.020765776 0.097746842 0.040238521 0.020600829 0.999784172 0.002696540 0.003763401 -0.097781740 -0.000669376 0.995207667 -0.060389648
216817000 0.480481398 0.854189121 0.500000000 0.500000000 0.000000000 0.000000000 0.994501650 -0.021682663 0.102451377 0.044577496 0.021511957 0.999764740 0.002770916 0.002953992 -0.102487355 -0.000551751 0.994734168 -0.063641417
216850000 0.480481398 0.854189121 0.500000000 0.500000000 0.000000000 0.000000000 0.993991971 -0.022474606 0.107120879 0.048724755 0.022294378 0.999747276 0.002879871 0.002105371 -0.107158534 -0.000474375 0.994241834 -0.067294118
216884000 0.480481398 0.854189121 0.500000000 0.500000000 0.000000000 0.000000000 0.993464947 -0.023238385 0.111747198 0.052583485 0.023074662 0.999729931 0.002758377 0.001877178 -0.111781113 -0.000161821 0.993732810 -0.071051243
216917000 0.480481398 0.854189121 0.500000000 0.500000000 0.000000000 0.000000000 0.992935240 -0.023842819 0.116237201 0.056775740 0.023664426 0.999715686 0.002914704 0.000704004 -0.116273649 -0.000143426 0.993217230 -0.075092182
216950000 0.480481398 0.854189121 0.500000000 0.500000000 0.000000000 0.000000000 0.992363155 -0.024435040 0.120906077 0.060009496 0.024260182 0.999701440 0.002918242 0.000038322 -0.120941281 0.000037248 0.992659688 -0.078804772
216984000 0.480481398 0.854189121 0.500000000 0.500000000 0.000000000 0.000000000 0.991773009 -0.024910135 0.125561833 0.063589864 0.024722921 0.999689698 0.003049338 -0.000726633 -0.125598833 0.000080004 0.992081106 -0.082838799
217017000 0.480481398 0.854189121 0.500000000 0.500000000 0.000000000 0.000000000 0.991157711 -0.025286755 0.130257308 0.066850096 0.025110861 0.999680221 0.002992878 -0.000876447 -0.130291343 0.000304459 0.991475701 -0.086763123
217051000 0.480481398 0.854189121 0.500000000 0.500000000 0.000000000 0.000000000 0.990509689 -0.025670655 0.135024324 0.069765382 0.025507905 0.999670327 0.002935514 -0.001206599 -0.135055155 0.000536533 0.990837932 -0.090732887
217084000 0.480481398 0.854189121 0.500000000 0.500000000 0.000000000 0.000000000 0.989833772 -0.026015459 0.139829576 0.072583615 0.025874771 0.999661207 0.002824311 -0.001383711 -0.139855683 0.000822460 0.990171552 -0.094985594
217117000 0.480481398 0.854189121 0.500000000 0.500000000 0.000000000 0.000000000 0.989125729 -0.026418421 0.144680217 0.075156145 0.026297165 0.999650359 0.002750771 -0.001813004 -0.144702315 0.001083821 0.989474654 -0.099217243
217151000 0.480481398 0.854189121 0.500000000 0.500000000 0.000000000 0.000000000 0.988396406 -0.026785271 0.149516121 0.078033416 0.026696358 0.999640226 0.002602050 -0.002140111 -0.149532020 0.001419679 0.988755882 -0.103516536
217184000 0.480481398 0.854189121 0.500000000 0.500000000 0.000000000 0.000000000 0.987626672 -0.027163107 0.154453158 0.080598132 0.027108356 0.999629498 0.002460993 -0.002609387 -0.154462770 0.001756428 0.987997055 -0.108349952
217217000 0.480481398 0.854189121 0.500000000 0.500000000 0.000000000 0.000000000 0.986827850 -0.027465085 0.159425318 0.082996526 0.027454464 0.999620497 0.002269597 -0.002919851 -0.159427151 0.002137235 0.987207353 -0.112661365
217251000 0.480481398 0.854189121 0.500000000 0.500000000 0.000000000 0.000000000 0.986028194 -0.027805857 0.164241388 0.086613927 0.027833190 0.999610305 0.002135340 -0.003319911 -0.164236754 0.002465856 0.986417890 -0.116766734
217284000 0.480481398 0.854189121 0.500000000 0.500000000 0.000000000 0.000000000 0.985148966 -0.027962133 0.169409677 0.088013773 0.028042391 0.999604881 0.001919333 -0.003592915 -0.169396415 0.002859823 0.985543847 -0.121974915
217317000 0.480481398 0.854189121 0.500000000 0.500000000 0.000000000 0.000000000 0.984265208 -0.028041843 0.174458086 0.090327916 0.028173765 0.999601543 0.001720835 -0.003980732 -0.174436837 0.003221383 0.984663069 -0.126490302
217351000 0.480481398 0.854189121 0.500000000 0.500000000 0.000000000 0.000000000 0.983368337 -0.028124619 0.179431662 0.093137841 0.028313562 0.999597967 0.001508385 -0.004394557 -0.179401949 0.003597051 0.983769298 -0.131250936
217384000 0.480481398 0.854189121 0.500000000 0.500000000 0.000000000 0.000000000 0.982414007 -0.028134648 0.184583604 0.095417057 0.028390830 0.999596119 0.001255439 -0.004913007 -0.184544370 0.004007121 0.982816041 -0.136098937
217418000 0.480481398 0.854189121 0.500000000 0.500000000 0.000000000 0.000000000 0.981432319 -0.028178157 0.189727828 0.097730455 0.028499903 0.999593258 0.001032910 -0.005471575 -0.189679772 0.004393494 0.981836200 -0.140957764
217451000 0.480481398 0.854189121 0.500000000 0.500000000 0.000000000 0.000000000 0.980431199 -0.028126663 0.194842473 0.100480659 0.028541755 0.999592364 0.000677320 -0.005532525 -0.194782093 0.004897080 0.980834305 -0.145874780
217484000 0.480481398 0.854189121 0.500000000 0.500000000 0.000000000 0.000000000 0.979375482 -0.028169772 0.200075299 0.102770024 0.028674474 0.999588728 0.000375402 -0.005702328 -0.200003594 0.005369395 0.979780436 -0.150961120
217518000 0.480481398 0.854189121 0.500000000 0.500000000 0.000000000 0.000000000 0.978299558 -0.028177626 0.205270678 0.105487928 0.028785173 0.999585629 0.000026444 -0.006026543 -0.205186367 0.005882882 0.978705227 -0.156243057
217551000 0.480481398 0.854189121 0.500000000 0.500000000 0.000000000 0.000000000 0.977137148 -0.028168857 0.210735574 0.106812632 0.028885955 0.999582648 -0.000324763 -0.006168708 -0.210638478 0.006404637 0.977543056 -0.161899067
217584000 0.480481398 0.854189121 0.500000000 0.500000000 0.000000000 0.000000000 0.976009250 -0.028207889 0.215893999 0.110678963 0.029051380 0.999577641 -0.000733882 -0.006166355 -0.215782121 0.006988295 0.976416528 -0.167067559
217618000 0.480481398 0.854189121 0.500000000 0.500000000 0.000000000 0.000000000 0.974809408 -0.028245596 0.221243829 0.113290686 0.029208962 0.999572754 -0.001083159 -0.006440867 -0.221118703 0.007518176 0.975217938 -0.172753907
217651000 0.480481398 0.854189121 0.500000000 0.500000000 0.000000000 0.000000000 0.973577678 -0.028263072 0.226600409 0.116293451 0.029375287 0.999567270 -0.001536988 -0.006389319 -0.226458907 0.008152829 0.973986626 -0.178163161
217684000 0.480481398 0.854189121 0.500000000 0.500000000 0.000000000 0.000000000 0.972320318 -0.028328767 0.231928155 0.119525365 0.029561963 0.999561250 -0.001842644 -0.006901403 -0.231774196 0.008647892 0.972731173 -0.184529475
217718000 0.480481398 0.854189121 0.500000000 0.500000000 0.000000000 0.000000000 0.971027732 -0.028273584 0.237288401 0.122841509 0.029662242 0.999557376 -0.002283248 -0.006932416 -0.237118825 0.009255603 0.971436560 -0.190013953
217751000 0.480481398 0.854189121 0.500000000 0.500000000 0.000000000 0.000000000 0.969709754 -0.028141197 0.242633492 0.125862571 0.029698525 0.999555111 -0.002762493 -0.006868244 -0.242447793 0.009884673 0.970114112 -0.195739934
217785000 0.480481398 0.854189121 0.500000000 0.500000000 0.000000000 0.000000000 0.968434572 -0.027784240 0.247714534 0.129482808 0.029477986 0.999560535 -0.003130505 -0.007284078 -0.247518688 0.010333815 0.968828022 -0.202049921
217818000 0.480481398 0.854189121 0.500000000 0.500000000 0.000000000 0.000000000 0.967161536 -0.027397297 0.252681553 0.133323086 0.029249646 0.999565721 -0.003576571 -0.007640135 -0.252473831 0.010849968 0.967542887 -0.208320830
217851000 0.480481398 0.854189121 0.500000000 0.500000000 0.000000000 0.000000000 0.965895653 -0.026856033 0.257535189 0.137891809 0.028896287 0.999573827 -0.004140056 -0.007798162 -0.257314265 0.011440673 0.966260076 -0.214639513
217885000 0.480481398 0.854189121 0.500000000 0.500000000 0.000000000 0.000000000 0.964627922 -0.026415816 0.262288272 0.143062778 0.028617037 0.999579966 -0.004575399 -0.008703207 -0.262057245 0.011919471 0.964978695 -0.221896221
217918000 0.480481398 0.854189121 0.500000000 0.500000000 0.000000000 0.000000000 0.963332415 -0.025884442 0.267059177 0.148558013 0.028282072 0.999586821 -0.005134788 -0.009586329 -0.266815901 0.012499495 0.963666439 -0.229242429
217951000 0.480481398 0.854189121 0.500000000 0.500000000 0.000000000 0.000000000 0.962019503 -0.025414551 0.271795034 0.154648032 0.027993349 0.999592364 -0.005614376 -0.010591997 -0.271541536 0.013009592 0.962338805 -0.236569057
217985000 0.480481398 0.854189121 0.500000000 0.500000000 0.000000000 0.000000000 0.960670292 -0.025012800 0.276562721 0.161112572 0.027798221 0.999594629 -0.006155075 -0.011616571 -0.276296645 0.013600949 0.960976183 -0.244649138
218018000 0.480481398 0.854189121 0.500000000 0.500000000 0.000000000 0.000000000 0.959271252 -0.024642799 0.281409591 0.167701340 0.027635705 0.999595821 -0.006671058 -0.012642748 -0.281131446 0.014176307 0.959564567 -0.252813920
218052000 0.480481398 0.854189121 0.500000000 0.500000000 0.000000000 0.000000000 0.957871556 -0.024302397 0.286166817 0.175310777 0.027485345 0.999596894 -0.007110640 -0.014088175 -0.285878658 0.014676474 0.958153427 -0.261514804
218085000 0.480481398 0.854189121 0.500000000 0.500000000 0.000000000 0.000000000 0.956426680 -0.023994150 0.290985078 0.183016911 0.027423045 0.999594152 -0.007710764 -0.014988686 -0.290681988 0.015354477 0.956696510 -0.270625127
218118000 0.480481398 0.854189121 0.500000000 0.500000000 0.000000000 0.000000000 0.954966187 -0.023713930 0.295765489 0.191279830 0.027412737 0.999589205 -0.008364903 -0.016038762 -0.295445621 0.016095942 0.955223978 -0.280617315
218152000 0.480481398 0.854189121 0.500000000 0.500000000 0.000000000 0.000000000 0.953492343 -0.023530822 0.300497353 0.200219183 0.027462814 0.999583483 -0.008867170 -0.017710428 -0.300163567 0.016707283 0.953741431 -0.290680412
218185000 0.480481398 0.854189121 0.500000000 0.500000000 0.000000000 0.000000000 0.951966643 -0.023343014 0.305310637 0.209539709 0.027542839 0.999575913 -0.009455122 -0.018984824 -0.304960459 0.017410083 0.952205896 -0.301773315
218218000 0.480481398 0.854189121 0.500000000 0.500000000 0.000000000 0.000000000 0.950439036 -0.023230765 0.310041815 0.219682293 0.027724827 0.999564588 -0.010095758 -0.020238043 -0.309672296 0.018191259 0.950669289 -0.313327973
218252000 0.480481398 0.854189121 0.500000000 0.500000000 0.000000000 0.000000000 0.948886633 -0.023150172 0.314766973 0.230132282 0.027971132 0.999550283 -0.010806954 -0.021320463 -0.314375252 0.019058963 0.949107468 -0.325258997
218285000 0.480481398 0.854189121 0.500000000 0.500000000 0.000000000 0.000000000 0.947292149 -0.023167564 0.319532305 0.240840344 0.028293284 0.999534547 -0.011407997 -0.022512788 -0.319119275 0.019847324 0.947506726 -0.337859019
218318000 0.480481398 0.854189121 0.500000000 0.500000000 0.000000000 0.000000000 0.945691526 -0.023137202 0.324240953 0.251987805 0.028576367 0.999519289 -0.012022994 -0.023135268 -0.323806912 0.020635672 0.945898116 -0.350534244
218352000 0.480481398 0.854189121 0.500000000 0.500000000 0.000000000 0.000000000 0.944068432 -0.023222482 0.328930944 0.263524749 0.028995158 0.999499440 -0.012654798 -0.023397894 -0.328472435 0.021484399 0.944269180 -0.363421720
218385000 0.480481398 0.854189121 0.500000000 0.500000000 0.000000000 0.000000000 0.942422092 -0.023328453 0.333611041 0.275533085 0.029468630 0.999476492 -0.013355816 -0.023063142 -0.333124816 0.022417877 0.942616165 -0.377048433
218419000 0.480481398 0.854189121 0.500000000 0.500000000 0.000000000 0.000000000 0.940752804 -0.023503311 0.338277698 0.287948388 0.029977467 0.999453545 -0.013926187 -0.023153185 -0.337765515 0.023241807 0.940943301 -0.391034830
218452000 0.480481398 0.854189121 0.500000000 0.500000000 0.000000000 0.000000000 0.939041793 -0.023685377 0.342986077 0.300010528 0.030516347 0.999428630 -0.014532026 -0.023008440 -0.342445910 0.024112863 0.939228058 -0.405491263
218485000 0.480481398 0.854189121 0.500000000 0.500000000 0.000000000 0.000000000 0.937316835 -0.023825852 0.347662926 0.312427242 0.030992433 0.999406040 -0.015066396 -0.022897419 -0.347097456 0.024896907 0.937498510 -0.420247499
218519000 0.480481398 0.854189121 0.500000000 0.500000000 0.000000000 0.000000000 0.935574055 -0.024049694 0.352310628 0.324704789 0.031638443 0.999374509 -0.015797017 -0.022266902 -0.351710349 0.025925839 0.935749769 -0.435229013
218552000 0.480481398 0.854189121 0.500000000 0.500000000 0.000000000 0.000000000 0.933798194 -0.024344174 0.356971085 0.336380273 0.032270901 0.999346793 -0.016265286 -0.022106791 -0.356341928 0.026708271 0.933973849 -0.450646125
218585000 0.480481398 0.854189121 0.500000000 0.500000000 0.000000000 0.000000000 0.932047188 -0.024464604 0.361510038 0.348094319 0.032819871 0.999316871 -0.016989231 -0.021186179 -0.360847473 0.027699478 0.932213426 -0.466227763
218619000 0.480481398 0.854189121 0.500000000 0.500000000 0.000000000 0.000000000 0.930270612 -0.024609160 0.366047829 0.359421255 0.033355732 0.999288797 -0.017588409 -0.020442311 -0.365354657 0.028571773 0.930429816 -0.481371897
218652000 0.480481398 0.854189121 0.500000000 0.500000000 0.000000000 0.000000000 0.928469181 -0.024756150 0.370583415 0.370086353 0.033914097 0.999258757 -0.018215593 -0.019681977 -0.369857788 0.029480619 0.928620517 -0.496619126
218685000 0.480481398 0.854189121 0.500000000 0.500000000 0.000000000 0.000000000 0.926642537 -0.024827203 0.375122875 0.380230063 0.034364354 0.999233365 -0.018754663 -0.019648810 -0.374369681 0.030269723 0.926785350 -0.512196165
218719000 0.480481398 0.854189121 0.500000000 0.500000000 0.000000000 0.000000000 0.924824178 -0.024985120 0.379573464 0.390558205 0.034922816 0.999203324 -0.019317076 -0.019461272 -0.378788412 0.031120671 0.924959898 -0.527485030
218752000 0.480481398 0.854189121 0.500000000 0.500000000 0.000000000 0.000000000 0.922975242 -0.025075249 0.384041607 0.400425459 0.035454925 0.999171734 -0.019970585 -0.019436674 -0.383222759 0.032048520 0.923099816 -0.542965726
218786000 0.480481398 0.854189121 0.500000000 0.500000000 0.000000000 0.000000000 0.921106577 -0.025217025 0.388492912 0.410116845 0.035937864 0.999146760 -0.020353256 -0.019909507 -0.387648165 0.032709122 0.921226919 -0.559287865
218819000 0.480481398 0.854189121 0.500000000 0.500000000 0.000000000 0.000000000 0.919227123 -0.025396246 0.392907828 0.419708732 0.036543999 0.999113083 -0.020917147 -0.019648459 -0.392028153 0.033586033 0.919339955 -0.575310880
218852000 0.480481398 0.854189121 0.500000000 0.500000000 0.000000000 0.000000000 0.917308152 -0.025466779 0.397362798 0.428879771 0.037027210 0.999084115 -0.021446161 -0.019619384 -0.396452695 0.034385972 0.917410970 -0.591777554
218885000 0.480481398 0.854189121 0.500000000 0.500000000 0.000000000 0.000000000 0.915385485 -0.025696844 0.401757509 0.438253049 0.037650716 0.999051273 -0.021884978 -0.019579281 -0.400813997 0.035159651 0.915484548 -0.608809441
218918000 0.480481398 0.854189121 0.500000000 0.500000000 0.000000000 0.000000000 0.913412273 -0.025772186 0.406218886 0.447065760 0.038172316 0.999018908 -0.022451347 -0.018831678 -0.405241728 0.036013652 0.913499951 -0.625945523
218952000 0.480481398 0.854189121 0.500000000 0.500000000 0.000000000 0.000000000 0.911432862 -0.026030967 0.410624564 0.456277779 0.038836312 0.998983741 -0.022872904 -0.018376514 -0.409611851 0.036794260 0.911517560 -0.643767718
218985000 0.480481398 0.854189121 0.500000000 0.500000000 0.000000000 0.000000000 0.909441173 -0.026083957 0.415013641 0.465303610 0.039343901 0.998950958 -0.023431446 -0.017425788 -0.413967103 0.037637778 0.909513414 -0.661840267
219018000 0.480481398 0.854189121 0.500000000 0.500000000 0.000000000 0.000000000 0.907392502 -0.026354901 0.419457048 0.474004705 0.040045995 0.998912752 -0.023867017 -0.016430770 -0.418371975 0.038454328 0.907461405 -0.680675295
219052000 0.480481398 0.854189121 0.500000000 0.500000000 0.000000000 0.000000000 0.905247927 -0.026528193 0.424054712 0.481847046 0.040669292 0.998876393 -0.024330368 -0.015311622 -0.422932804 0.039271023 0.905309677 -0.699922226
219085000 0.480481398 0.854189121 0.500000000 0.500000000 0.000000000 0.000000000 0.903136969 -0.026711378 0.428520828 0.490324693 0.041336764 0.998835981 -0.024858711 -0.014086591 -0.427358001 0.040164486 0.903189898 -0.719685440
219119000 0.480481398 0.854189121 0.500000000 0.500000000 0.000000000 0.000000000 0.901002228 -0.026966088 0.432975560 0.498890643 0.042082194 0.998792112 -0.025365487 -0.012819711 -0.431768566 0.041074920 0.901048720 -0.740452390
219152000 0.480481398 0.854189121 0.500000000 0.500000000 0.000000000 0.000000000 0.898775697 -0.027077252 0.437571734 0.506437244 0.042669401 0.998755038 -0.025839603 -0.012433668 -0.436327308 0.041894931 0.898812175 -0.761816007
219185000 0.480481398 0.854189121 0.500000000 0.500000000 0.000000000 0.000000000 0.896561742 -0.027391659 0.442071021 0.514201790 0.043456409 0.998710394 -0.026251480 -0.011913857 -0.440781832 0.042746890 0.896595836 -0.783344942
219219000 0.480481398 0.854189121 0.500000000 0.500000000 0.000000000 0.000000000 0.894256294 -0.027486948 0.446710348 0.521169076 0.044065744 0.998670042 -0.026763827 -0.011256359 -0.445380598 0.043618344 0.894278228 -0.805555696
219252000 0.480481398 0.854189121 0.500000000 0.500000000 0.000000000 0.000000000 0.891941726 -0.027767658 0.451296955 0.527739874 0.044871703 0.998621285 -0.027240526 -0.010214232 -0.449918330 0.044547424 0.891957939 -0.827649865
219285000 0.480481398 0.854189121 0.500000000 0.500000000 0.000000000 0.000000000 0.889569461 -0.027904999 0.455946833 0.533921176 0.045531828 0.998578250 -0.027719019 -0.009505164 -0.454525083 0.045418084 0.889575243 -0.850124636
219319000 0.480481398 0.854189121 0.500000000 0.500000000 0.000000000 0.000000000 0.887130737 -0.027942687 0.460671514 0.539321042 0.046148930 0.998533547 -0.028303083 -0.008205028 -0.459205091 0.046368033 0.887119293 -0.872623406
219352000 0.480481398 0.854189121 0.500000000 0.500000000 0.000000000 0.000000000 0.884693742 -0.028244728 0.465316266 0.544921538 0.046953514 0.998485744 -0.028663345 -0.007007216 -0.463802069 0.047206514 0.884680271 -0.895066056
219386000 0.480481398 0.854189121 0.500000000 0.500000000 0.000000000 0.000000000 0.882213235 -0.028289244 0.469999492 0.549926716 0.047472231 0.998451173 -0.029011099 -0.006776771 -0.468450844 0.047905900 0.882189810 -0.917671308
219419000 0.480481398 0.854189121 0.500000000 0.500000000 0.000000000 0.000000000 0.879811466 -0.028436385 0.474471420 0.555656330 0.048173744 0.998403490 -0.029491398 -0.005507301 -0.472875297 0.048803937 0.879776716 -0.939874043
219452000 0.480481398 0.854189121 0.500000000 0.500000000 0.000000000 0.000000000 0.877382457 -0.028500877 0.478944361 0.560368746 0.048731767 0.998365402 -0.029861728 -0.005116398 -0.477310419 0.049539961 0.877337217 -0.962364699
219486000 0.480481398 0.854189121 0.500000000 0.500000000 0.000000000 0.000000000 0.875040472 -0.028583005 0.483205080 0.565111437 0.049266908 0.998330057 -0.030163733 -0.004401799 -0.481535971 0.050200511 0.874987423 -0.985036779
219519000 0.480481398 0.854189121 0.500000000 0.500000000 0.000000000 0.000000000 0.872756064 -0.028518029 0.487322897 0.570600684 0.049629871 0.998302996 -0.030462632 -0.004031808 -0.485627174 0.050772220 0.872690320 -1.007161742
219552000 0.480481398 0.854189121 0.500000000 0.500000000 0.000000000 0.000000000 0.870378077 -0.028632063 0.491550803 0.575183948 0.050178628 0.998268247 -0.030702623 -0.003156580 -0.489820480 0.051388234 0.870307505 -1.030242038
219586000 0.480481398 0.854189121 0.500000000 0.500000000 0.000000000 0.000000000 0.867961407 -0.028574904 0.495808870 0.579740049 0.050558940 0.998240590 -0.030976819 -0.002492362 -0.494051367 0.051954255 0.867879033 -1.053027231
219619000 0.480481398 0.854189121 0.500000000 0.500000000 0.000000000 0.000000000 0.865501106 -0.028555475 0.500092387 0.584096803 0.051016666 0.998207331 -0.031295612 -0.001519616 -0.498302191 0.052599434 0.865406394 -1.076459405
219652000 0.480481398 0.854189121 0.500000000 0.500000000 0.000000000 0.000000000 0.863040507 -0.028625621 0.504323006 0.588932101 0.051490463 0.998177886 -0.031457804 -0.000808779 -0.502503574 0.053117182 0.862941921 -1.099824389
219686000 0.480481398 0.854189121 0.500000000 0.500000000 0.000000000 0.000000000 0.860541403 -0.028685493 0.508572102 0.594148637 0.051961016 0.998148322 -0.031622317 -0.000079488 -0.506723285 0.053638238 0.860438526 -1.124261089
219719000 0.480481398 0.854189121 0.500000000 0.500000000 0.000000000 0.000000000 0.857980669 -0.028858909 0.512870669 0.599001176 0.052567001 0.998111725 -0.031776156 0.000880600 -0.510985196 0.054223400 0.857877612 -1.148988136
219753000 0.480481398 0.854189121 0.500000000 0.500000000 0.000000000 0.000000000 0.855425596 -0.028928794 0.517117202 0.604350086 0.053029135 0.998083770 -0.031886626 0.001365157 -0.515203834 0.054698914 0.855320454 -1.174024037
219786000 0.480481398 0.854189121 0.500000000 0.500000000 0.000000000 0.000000000 0.852829397 -0.029249167 0.521369815 0.609913533 0.053751815 0.998043597 -0.031933539 0.002913549 -0.519415796 0.055258434 0.852733076 -1.199627962
219819000 0.480481398 0.854189121 0.500000000 0.500000000 0.000000000 0.000000000 0.850238264 -0.029469777 0.525572479 0.615789726 0.054361206 0.998009026 -0.031982031 0.004135955 -0.523583531 0.055763099 0.850147486 -1.225207406
219853000 0.480481398 0.854189121 0.500000000 0.500000000 0.000000000 0.000000000 0.847555697 -0.029676042 0.529876113 0.620832100 0.054986712 0.997972190 -0.032061145 0.005660111 -0.527850151 0.056309752 0.847468853 -1.251731072
219886000 0.480481398 0.854189121 0.500000000 0.500000000 0.000000000 0.000000000 0.844955921 -0.029954700 0.533996403 0.626897953 0.055596881 0.997940600 -0.031992547 0.007178714 -0.531938374 0.056720827 0.844881237 -1.278957611
219919000 0.480481398 0.854189121 0.500000000 0.500000000 0.000000000 0.000000000 0.842372358 -0.030253667 0.538046002 0.633011421 0.056310903 0.997898698 -0.032050513 0.009244476 -0.535945773 0.057296325 0.842305899 -1.306390514
219953000 0.480481398 0.854189121 0.500000000 0.500000000 0.000000000 0.000000000 0.839844942 -0.030596480 0.541963458 0.639697176 0.057045031 0.997856557 -0.032065041 0.011482046 -0.539820671 0.057845984 0.839790106 -1.333694297
219986000 0.480481398 0.854189121 0.500000000 0.500000000 0.000000000 0.000000000 0.837286592 -0.030553097 0.545910001 0.645935426 0.057541430 0.997816920 -0.032408770 0.014277479 -0.543728054 0.058547869 0.837216794 -1.361955858
220019000 0.480481398 0.854189121 0.500000000 0.500000000 0.000000000 0.000000000 0.834724426 -0.030734597 0.549809515 0.652400877 0.058153417 0.997778058 -0.032512661 0.016716582 -0.547588646 0.059112415 0.834657073 -1.391119133
220053000 0.480481398 0.854189121 0.500000000 0.500000000 0.000000000 0.000000000 0.832145631 -0.030738695 0.553704619 0.658510235 0.058721796 0.997733355 -0.032862399 0.020315815 -0.551439404 0.059860829 0.832064450 -1.420543368
220086000 0.480481398 0.854189121 0.500000000 0.500000000 0.000000000 0.000000000 0.829591334 -0.030649561 0.557529211 0.664195332 0.059113137 0.997702003 -0.033111479 0.023899668 -0.555233181 0.060426295 0.829496682 -1.449712253
220120000 0.480481398 0.854189121 0.500000000 0.500000000 0.000000000 0.000000000 0.826966763 -0.030646032 0.561415017 0.668387730 0.059480097 0.997678757 -0.033154029 0.027009244 -0.559095800 0.060810298 0.826870024 -1.478454557
220153000 0.480481398 0.854189121 0.500000000 0.500000000 0.000000000 0.000000000 0.824394703 -0.030513529 0.565192223 0.673039649 0.059822701 0.997650206 -0.033396941 0.030832473 -0.562845051 0.061343588 0.824282944 -1.507142022
220186000 0.480481398 0.854189121 0.500000000 0.500000000 0.000000000 0.000000000 0.821714222 -0.030407779 0.569087923 0.676190730 0.060079418 0.997633219 -0.033443518 0.033573440 -0.566724062 0.061671488 0.821596265 -1.535961389
220220000 0.480481398 0.854189121 0.500000000 0.500000000 0.000000000 0.000000000 0.819212854 -0.030532716 0.572676182 0.681019694 0.060530495 0.997607350 -0.033400547 0.036497039 -0.570286214 0.062026531 0.819100976 -1.564287228
220253000 0.480481398 0.854189121 0.500000000 0.500000000 0.000000000 0.000000000 0.816527188 -0.030435998 0.576504171 0.683321780 0.060726549 0.997597396 -0.033342358 0.038495178 -0.574104249 0.062234048 0.816413641 -1.592228333
220286000 0.480481398 0.854189121 0.500000000 0.500000000 0.000000000 0.000000000 0.813811421 -0.030249793 0.580341220 0.684954661 0.060817171 0.997593820 -0.033285070 0.040460809 -0.577937961 0.062382482 0.813692927 -1.620390270
220320000 0.480481398 0.854189121 0.500000000 0.500000000 0.000000000 0.000000000 0.811219871 -0.030340806 0.583953559 0.687885784 0.061202019 0.997573435 -0.033189479 0.043410706 -0.581529558 0.062663101 0.811108291 -1.648040757
220353000 0.480481398 0.854189121 0.500000000 0.500000000 0.000000000 0.000000000 0.808570743 -0.030291691 0.587618768 0.690252540 0.061333150 0.997572660 -0.032970402 0.044502560 -0.585193634 0.062699407 0.808465958 -1.676170076
220387000 0.480481398 0.854189121 0.500000000 0.500000000 0.000000000 0.000000000 0.805912435 -0.030322233 0.591257751 0.692401393 0.061644375 0.997556925 -0.032865219 0.046802097 -0.588816702 0.062934205 0.805812716 -1.704968734
220420000 0.480481398 0.854189121 0.500000000 0.500000000 0.000000000 0.000000000 0.803272665 -0.030456817 0.594832242 0.694527374 0.062039923 0.997537732 -0.032703590 0.049418696 -0.592371583 0.063173249 0.803184330 -1.733750320
220453000 0.480481398 0.854189121 0.500000000 0.500000000 0.000000000 0.000000000 0.800602078 -0.030505363 0.598419368 0.696227628 0.062302679 0.997527957 -0.032501794 0.051433615 -0.595948577 0.063304134 0.800523520 -1.762901780
220487000 0.480481398 0.854189121 0.500000000 0.500000000 0.000000000 0.000000000 0.797886670 -0.030556483 0.602032542 0.697120322 0.062525615 0.997522593 -0.032236744 0.053750775 -0.599556029 0.063363723 0.797820508 -1.792326775
220520000 0.480481398 0.854189121 0.500000000 0.500000000 0.000000000 0.000000000 0.795208335 -0.030651256 0.605561018 0.698497182 0.062753707 0.997518599 -0.031915978 0.056536936 -0.603080153 0.063381054 0.795158625 -1.822053801
220553000 0.480481398 0.854189121 0.500000000 0.500000000 0.000000000 0.000000000 0.792489648 -0.030788360 0.609107733 0.699520244 0.063042901 0.997510374 -0.031602196 0.059729504 -0.606618285 0.063444331 0.792457640 -1.852377802
220587000 0.480481398 0.854189121 0.500000000 0.500000000 0.000000000 0.000000000 0.789763212 -0.030934041 0.612631321 0.700829269 0.063368462 0.997498512 -0.031322949 0.063239603 -0.610129893 0.063559219 0.789747894 -1.883306360
220620000 0.480481398 0.854189121 0.500000000 0.500000000 0.000000000 0.000000000 0.787025571 -0.031193644 0.616131246 0.702300037 0.063805953 0.997480631 -0.031002911 0.067292072 -0.613611877 0.063712925 0.787033141 -1.914549024
220653000 0.480481398 0.854189121 0.500000000 0.500000000 0.000000000 0.000000000 0.784229934 -0.031456996 0.619672358 0.703383935 0.064131401 0.997474492 -0.030526157 0.070513879 -0.617147088 0.063679986 0.784266710 -1.945947098
220687000 0.480481398 0.854189121 0.500000000 0.500000000 0.000000000 0.000000000 0.781411648 -0.031816069 0.623204291 0.704569930 0.064616792 0.997456133 -0.030097969 0.074508066 -0.620661378 0.063788369 0.781479716 -1.977853804
220720000 0.480481398 0.854189121 0.500000000 0.500000000 0.000000000 0.000000000 0.778699815 -0.032170434 0.626571357 0.706130962 0.065160565 0.997430623 -0.029769542 0.079133210 -0.624003768 0.064009279 0.778795302 -2.009177608
220754000 0.480481398 0.854189121 0.500000000 0.500000000 0.000000000 0.000000000 0.776010454 -0.032577403 0.629878104 0.707648017 0.065693289 0.997408211 -0.029348074 0.083148215 -0.627289534 0.064153180 0.776139319 -2.040458342
220787000 0.480481398 0.854189121 0.500000000 0.500000000 0.000000000 0.000000000 0.773408830 -0.033044603 0.633045673 0.709450323 0.066237032 0.997386456 -0.028860588 0.087417607 -0.630437434 0.064252101 0.773576260 -2.071177271
220820000 0.480481398 0.854189121 0.500000000 0.500000000 0.000000000 0.000000000 0.770806849 -0.033468854 0.636189163 0.711051387 0.066805169 0.997359753 -0.028471714 0.091913154 -0.633556545 0.064446919 0.771007597 -2.101415057
220854000 0.480481398 0.854189121 0.500000000 0.500000000 0.000000000 0.000000000 0.768191218 -0.033790004 0.639328122 0.712617153 0.067170016 0.997348666 -0.027996587 0.095120186 -0.636687100 0.064450413 0.768424153 -2.131841332
220887000 0.480481398 0.854189121 0.500000000 0.500000000 0.000000000 0.000000000 0.765550494 -0.034250546 0.642463505 0.714355024 0.067640141 0.997332633 -0.027429968 0.098836959 -0.639810383 0.064455345 0.765825212 -2.162171778
220920000 0.480481398 0.854189121 0.500000000 0.500000000 0.000000000 0.000000000 0.762884974 -0.034684326 0.645603240 0.716007875 0.068140127 0.997312009 -0.026939122 0.102780034 -0.642933488 0.064542934 0.763197720 -2.192555367
220954000 0.480481398 0.854189121 0.500000000 0.500000000 0.000000000 0.000000000 0.760112405 -0.035228804 0.648835897 0.716753946 0.068612099 0.997298539 -0.026230471 0.105744294 -0.646159053 0.064456098 0.760476112 -2.222837706
220987000 0.480481398 0.854189121 0.500000000 0.500000000 0.000000000 0.000000000 0.757406414 -0.035722844 0.651965737 0.718808959 0.069105141 0.997279882 -0.025637859 0.108962374 -0.649276495 0.064472467 0.757814825 -2.253535641
221020000 0.480481398 0.854189121 0.500000000 0.500000000 0.000000000 0.000000000 0.754707754 -0.036321305 0.655054927 0.721282248 0.069576725 0.997266650 -0.024865197 0.111457899 -0.652361333 0.064342536 0.755172014 -2.284280399
221054000 0.480481398 0.854189121 0.500000000 0.500000000 0.000000000 0.000000000 0.752051294 -0.036835812 0.658074439 0.724166713 0.069893293 0.997264445 -0.024052436 0.113723783 -0.655388296 0.064083658 0.752568603 -2.315377452
221087000 0.480481398 0.854189121 0.500000000 0.500000000 0.000000000 0.000000000 0.749706030 -0.037227925 0.660723031 0.728495438 0.070149884 0.997261822 -0.023407390 0.116218839 -0.658042431 0.063898303 0.750264764 -2.346192494
221121000 0.480481398 0.854189121 0.500000000 0.500000000 0.000000000 0.000000000 0.747682214 -0.037532419 0.662995219 0.733639339 0.070198916 0.997274458 -0.022709602 0.118027987 -0.660335839 0.063521110 0.748279095 -2.376728177
221154000 0.480481398 0.854189121 0.500000000 0.500000000 0.000000000 0.000000000 0.746128857 -0.037844703 0.664725125 0.741255682 0.070276640 0.997282624 -0.022104722 0.120380585 -0.662082255 0.063207619 0.746760905 -2.407123911
221187000 0.480481398 0.854189121 0.500000000 0.500000000 0.000000000 0.000000000 0.744861543 -0.038093034 0.666130722 0.749694320 0.070197724 0.997302175 -0.021463238 0.122460799 -0.663516045 0.062748000 0.745526075 -2.437218178
221221000 0.480481398 0.854189121 0.500000000 0.500000000 0.000000000 0.000000000 0.743796706 -0.038393158 0.667302370 0.759256792 0.070147783 0.997319579 -0.020808320 0.124783863 -0.664714813 0.062286943 0.744496167 -2.467090773
221254000 0.480481398 0.854189121 0.500000000 0.500000000 0.000000000 0.000000000 0.742757022 -0.038485434 0.668454111 0.768762580 0.069927149 0.997345984 -0.020279014 0.127224394 -0.665899515 0.061805472 0.743476868 -2.497268514
221287000 0.480481398 0.854189121 0.500000000 0.500000000 0.000000000 0.000000000 0.741737962 -0.038815353 0.669565678 0.778714506 0.069933914 0.997357965 -0.019654287 0.130902537 -0.667033792 0.061403681 0.742492795 -2.527598109
221321000 0.480481398 0.854189121 0.500000000 0.500000000 0.000000000 0.000000000 0.740759611 -0.039247993 0.670622647 0.788979607 0.069944583 0.997372031 -0.018888820 0.134513582 -0.668118954 0.060898498 0.741558135 -2.557703522
221354000 0.480481398 0.854189121 0.500000000 0.500000000 0.000000000 0.000000000 0.739771068 -0.039622124 0.671691000 0.798675017 0.069927059 0.997386456 -0.018180151 0.139092922 -0.669215143 0.060418524 0.740608335 -2.587392834
221388000 0.480481398 0.854189121 0.500000000 0.500000000 0.000000000 0.000000000 0.738795578 -0.039962143 0.672743738 0.807872360 0.069750212 0.997413576 -0.017350389 0.143314195 -0.670310378 0.059742410 0.739672065 -2.616808350
221421000 0.480481398 0.854189121 0.500000000 0.500000000 0.000000000 0.000000000 0.737839103 -0.040245235 0.673775792 0.816656648 0.069493182 0.997445583 -0.016522342 0.146926244 -0.671389759 0.059013654 0.738751113 -2.645788874
221454000 0.480481398 0.854189121 0.500000000 0.500000000 0.000000000 0.000000000 0.736830413 -0.040520098 0.674862266 0.824482214 0.069277860 0.997473061 -0.015748883 0.150398523 -0.672518790 0.058357265 0.737775683 -2.674813610
221488000 0.480481398 0.854189121 0.500000000 0.500000000 0.000000000 0.000000000 0.735846996 -0.040792279 0.675917983 0.832169546 0.069044374 0.997501314 -0.014965937 0.153117510 -0.673618615 0.057680976 0.736824870 -2.703932231
221521000 0.480481398 0.854189121 0.500000000 0.500000000 0.000000000 0.000000000 0.734887242 -0.041200157 0.676936746 0.839704657 0.068804964 0.997532129 -0.013982710 0.155182897 -0.674690068 0.056852322 0.735908389 -2.732851045
221554000 0.480481398 0.854189121 0.500000000 0.500000000 0.000000000 0.000000000 0.733908474 -0.041420463 0.677984297 0.846781673 0.068407401 0.997571409 -0.013104877 0.156441523 -0.675794899 0.055996921 0.734959602 -2.761760355
221588000 0.480481398 0.854189121 0.500000000 0.500000000 0.000000000 0.000000000 0.733016372 -0.041673001 0.678933203 0.853671444 0.068008482 0.997610211 -0.012192545 0.157517315 -0.676802635 0.055110555 0.734098792 -2.790291808
221621000 0.480481398 0.854189121 0.500000000 0.500000000 0.000000000 0.000000000 0.732264578 -0.041972630 0.679725587 0.861030837 0.067672998 0.997643590 -0.011299879 0.158787588 -0.677649558 0.054273572 0.733379483 -2.818923449
221654000 0.480481398 0.854189121 0.500000000 0.500000000 0.000000000 0.000000000 0.731694520 -0.042256124 0.680321634 0.869035800 0.067292087 0.997679055 -0.010405670 0.159644605 -0.678302944 0.053394035 0.732839823 -2.847950278
221688000 0.480481398 0.854189121 0.500000000 0.500000000 0.000000000 0.000000000 0.731250048 -0.042640053 0.680775404 0.877588491 0.067009889 0.997707188 -0.009487261 0.160431171 -0.678810000 0.052556243 0.732430756 -2.877350782
221721000 0.480481398 0.854189121 0.500000000 0.500000000 0.000000000 0.000000000 0.730842471 -0.042942848 0.681193948 0.886183997 0.066629775 0.997740805 -0.008587910 0.160472317 -0.679286242 0.051664207 0.732052624 -2.906732114
221755000 0.480481398 0.854189121 0.500000000 0.500000000 0.000000000 0.000000000 0.730377734 -0.043258842 0.681672215 0.894200535 0.066257879 0.997773051 -0.007673444 0.160023351 -0.679822206 0.050770670 0.731617451 -2.936572474
221788000 0.480481398 0.854189121 0.500000000 0.500000000 0.000000000 0.000000000 0.729912460 -0.043492649 0.682155550 0.902222790 0.065795749 0.997810066 -0.006783987 0.159241236 -0.680366576 0.049834650 0.731175601 -2.967012182
221821000 0.480481398 0.854189121 0.500000000 0.500000000 0.000000000 0.000000000 0.729417503 -0.043752775 0.682668090 0.909736791 0.065465875 0.997836769 -0.005996811 0.159062045 -0.680929005 0.049065646 0.730703950 -2.997637246
221855000 0.480481398 0.854189121 0.500000000 0.500000000 0.000000000 0.000000000 0.728951931 -0.043997332 0.683149576 0.917598030 0.065041199 0.997869372 -0.005135507 0.158054251 -0.681468070 0.048176408 0.730260432 -3.028512619
221888000 0.480481398 0.854189121 0.500000000 0.500000000 0.000000000 0.000000000 0.728386641 -0.044160899 0.683741689 0.924801608 0.064528130 0.997906685 -0.004289597 0.157230788 -0.682120979 0.047245059 0.729711533 -3.059641322
221921000 0.480481398 0.854189121 0.500000000 0.500000000 0.000000000 0.000000000 0.727884889 -0.044434913 0.684258103 0.932468697 0.064076267 0.997939348 -0.003356629 0.156721028 -0.682698905 0.046287946 0.729232192 -3.090995994
221955000 0.480481398 0.854189121 0.500000000 0.500000000 0.000000000 0.000000000 0.727556407 -0.044615977 0.684595525 0.941047126 0.063656345 0.997968435 -0.002612122 0.157156403 -0.683088243 0.045479316 0.728918433 -3.122160503
221988000 0.480481398 0.854189121 0.500000000 0.500000000 0.000000000 0.000000000 0.727517605 -0.044711027 0.684630573 0.951243075 0.063179329 0.998000264 -0.001960849 0.157580347 -0.683173835 0.044681057 0.728887558 -3.153315486
222021000 0.480481398 0.854189121 0.500000000 0.500000000 0.000000000 0.000000000 0.727619708 -0.044939000 0.684507132 0.961770303 0.062820658 0.998024046 -0.001255432 0.158579804 -0.683098137 0.043914668 0.729005098 -3.184105978
222055000 0.480481398 0.854189121 0.500000000 0.500000000 0.000000000 0.000000000 0.727933466 -0.045230146 0.684154272 0.973884162 0.062421620 0.998049796 -0.000433895 0.159170770 -0.682800412 0.043021865 0.729337156 -3.214596517
222088000 0.480481398 0.854189121 0.500000000 0.500000000 0.000000000 0.000000000 0.728361189 -0.045542095 0.683678210 0.986780279 0.062058937 0.998072445 0.000370039 0.159776162 -0.682377219 0.042158820 0.729783535 -3.244942558
222122000 0.480481398 0.854189121 0.500000000 0.500000000 0.000000000 0.000000000 0.728701472 -0.045828875 0.683296382 0.998941597 0.061688960 0.998094738 0.001154296 0.160535934 -0.682047427 0.041310705 0.730140209 -3.275107748
222155000 0.480481398 0.854189121 0.500000000 0.500000000 0.000000000 0.000000000 0.729089677 -0.046050359 0.682867229 1.011671114 0.061223622 0.998122156 0.001942364 0.161008274 -0.681674361 0.040391445 0.730539918 -3.304827317
222188000 0.480481398 0.854189121 0.500000000 0.500000000 0.000000000 0.000000000 0.729398310 -0.046221998 0.682525873 1.024044703 0.060634673 0.998156130 0.002798337 0.161017792 -0.681396723 0.039343633 0.730856061 -3.334643771
222222000 0.480481398 0.854189121 0.500000000 0.500000000 0.000000000 0.000000000 0.729683638 -0.046476047 0.682203650 1.036681852 0.060157750 0.998182178 0.003657908 0.161297751 -0.681133509 0.038370721 0.731153071 -3.364089031
222255000 0.480481398 0.854189121 0.500000000 0.500000000 0.000000000 0.000000000 0.730009973 -0.046823971 0.681830585 1.050176650 0.059804104 0.998199880 0.004520318 0.161877338 -0.680814862 0.037476391 0.731496155 -3.393397288
222288000 0.480481398 0.854189121 0.500000000 0.500000000 0.000000000 0.000000000 0.730427444 -0.047390800 0.681344151 1.064625271 0.059648864 0.998204350 0.005484062 0.162502244 -0.680380583 0.036635697 0.731942654 -3.422615959
222322000 0.480481398 0.854189121 0.500000000 0.500000000 0.000000000 0.000000000 0.731159687 -0.047941647 0.680519760 1.081341291 0.059753276 0.998194396 0.006121645 0.165180733 -0.679584503 0.036187384 0.732704163 -3.451536869
222355000 0.480481398 0.854189121 0.500000000 0.500000000 0.000000000 0.000000000 0.732259631 -0.048653632 0.679285407 1.100297419 0.059915990 0.998179555 0.006905788 0.167650641 -0.678384781 0.035643227 0.733841717 -3.480032900
222389000 0.480481398 0.854189121 0.500000000 0.500000000 0.000000000 0.000000000 0.733773828 -0.049348895 0.677599192 1.121917320 0.060022559 0.998167336 0.007696988 0.169463713 -0.676737249 0.035023391 0.735391080 -3.507884451
222422000 0.480481398 0.854189121 0.500000000 0.500000000 0.000000000 0.000000000 0.735594749 -0.049900461 0.675581455 1.145311875 0.059972424 0.998164475 0.008427501 0.170507315 -0.674761891 0.034317032 0.737237215 -3.535486578
222455000 0.480481398 0.854189121 0.500000000 0.500000000 0.000000000 0.000000000 0.737624288 -0.050401848 0.673327565 1.170043922 0.059913050 0.998162270 0.009083095 0.171835975 -0.672547996 0.033641201 0.739288449 -3.562818494
222489000 0.480481398 0.854189121 0.500000000 0.500000000 0.000000000 0.000000000 0.739744067 -0.050603531 0.670982838 1.195021768 0.059521403 0.998180330 0.009658727 0.171800668 -0.670250595 0.032792855 0.741409957 -3.589829756
222522000 0.480481398 0.854189121 0.500000000 0.500000000 0.000000000 0.000000000 0.741888642 -0.050719533 0.668602109 1.220060269 0.059084054 0.998201311 0.010162268 0.172243123 -0.667914927 0.031964455 0.743550897 -3.616673091
222555000 0.480481398 0.854189121 0.500000000 0.500000000 0.000000000 0.000000000 0.743977606 -0.050786596 0.666271746 1.244827842 0.058503315 0.998229206 0.010763631 0.171037226 -0.665638566 0.030971205 0.745631337 -3.643434550
222589000 0.480481398 0.854189121 0.500000000 0.500000000 0.000000000 0.000000000 0.746157169 -0.050884720 0.663822412 1.270478191 0.058052205 0.998249948 0.011267472 0.171186995 -0.663234055 0.030129049 0.747805357 -3.670639327
222622000 0.480481398 0.854189121 0.500000000 0.500000000 0.000000000 0.000000000 0.748316109 -0.050870623 0.661388874 1.295906157 0.057547141 0.998274565 0.011671500 0.171938240 -0.660841405 0.029327065 0.749952376 -3.697256923
222655000 0.480481398 0.854189121 0.500000000 0.500000000 0.000000000 0.000000000 0.750444949 -0.050854854 0.658973575 1.320983790 0.056960449 0.998302221 0.012174741 0.171956185 -0.658473909 0.028398957 0.752067566 -3.723494495
222689000 0.480481398 0.854189121 0.500000000 0.500000000 0.000000000 0.000000000 0.752592444 -0.050752558 0.656527877 1.345913365 0.056279939 0.998334765 0.012660827 0.172311586 -0.656077147 0.027420904 0.754195511 -3.749926560
222722000 0.480481398 0.854189121 0.500000000 0.500000000 0.000000000 0.000000000 0.754720986 -0.050404876 0.654106736 1.370511805 0.055496220 0.998375535 0.012901311 0.173252739 -0.653694451 0.026563561 0.756292224 -3.775906650
222756000 0.480481398 0.854189121 0.500000000 0.500000000 0.000000000 0.000000000 0.756811321 -0.050148476 0.651706815 1.394877436 0.054673836 0.998415232 0.013336093 0.173147319 -0.651342750 0.025538404 0.758353770 -3.801529242
222789000 0.480481398 0.854189121 0.500000000 0.500000000 0.000000000 0.000000000 0.758965969 -0.049936693 0.649212539 1.420090701 0.053914215 0.998450637 0.013770935 0.173711749 -0.648894370 0.024550114 0.760482371 -3.827339352
222822000 0.480481398 0.854189121 0.500000000 0.500000000 0.000000000 0.000000000 0.761038363 -0.049709082 0.646799505 1.444807879 0.053126864 0.998486400 0.014227374 0.173571721 -0.646527767 0.023534853 0.762527347 -3.852974334
222856000 0.480481398 0.854189121 0.500000000 0.500000000 0.000000000 0.000000000 0.763174176 -0.049366549 0.644304395 1.470151243 0.052285887 0.998525798 0.014574691 0.173305096 -0.644074082 0.022565000 0.764630258 -3.878997728
222889000 0.480481398 0.854189121 0.500000000 0.500000000 0.000000000 0.000000000 0.765280604 -0.049084164 0.641822696 1.495567301 0.051568858 0.998558640 0.014877585 0.173461538 -0.641627848 0.021712536 0.766708732 -3.905231472
222922000 0.480481398 0.854189121 0.500000000 0.500000000 0.000000000 0.000000000 0.767428935 -0.048678864 0.639283299 1.521296292 0.050673980 0.998599470 0.015207666 0.172264268 -0.639128268 0.020724228 0.768820882 -3.931812067
222956000 0.480481398 0.854189121 0.500000000 0.500000000 0.000000000 0.000000000 0.769653022 -0.048278276 0.636634469 1.547397248 0.049833462 0.998637497 0.015484588 0.171222183 -0.636514664 0.019807940 0.771010220 -3.958090580
222989000 0.480481398 0.854189121 0.500000000 0.500000000 0.000000000 0.000000000 0.772107303 -0.047790587 0.633692682 1.574957176 0.049039520 0.998675525 0.015565150 0.170393894 -0.633597255 0.019058017 0.773428321 -3.984273405
223022000 0.480481398 0.854189121 0.500000000 0.500000000 0.000000000 0.000000000 0.774586976 -0.047530018 0.630678952 1.602378586 0.048367966 0.998703659 0.015861010 0.169127824 -0.630615234 0.018218925 0.775881767 -4.010357838
223056000 0.480481398 0.854189121 0.500000000 0.500000000 0.000000000 0.000000000 0.777067482 -0.047015365 0.627658904 1.630100957 0.047618926 0.998739719 0.015857324 0.168090445 -0.627613366 0.017566232 0.778326988 -4.036173307
223089000 0.480481398 0.854189121 0.500000000 0.500000000 0.000000000 0.000000000 0.779514968 -0.046519615 0.624653816 1.657520024 0.046812400 0.998776138 0.015963586 0.166166946 -0.624631941 0.016797688 0.780738592 -4.062474596
223123000 0.480481398 0.854189121 0.500000000 0.500000000 0.000000000 0.000000000 0.781913102 -0.046077192 0.621682227 1.685077527 0.046094328 0.998808086 0.016054042 0.164672827 -0.621680915 0.016103158 0.783105016 -4.088842449
223156000 0.480481398 0.854189121 0.500000000 0.500000000 0.000000000 0.000000000 0.784321666 -0.045590632 0.618676841 1.713266660 0.045398690 0.998839974 0.016051305 0.163863713 -0.618690968 0.015497732 0.785481572 -4.115532818
223189000 0.480481398 0.854189121 0.500000000 0.500000000 0.000000000 0.000000000 0.786600590 -0.045276020 0.615800023 1.740690648 0.044834405 0.998863578 0.016170502 0.163042664 -0.615832329 0.014889302 0.787736535 -4.142467608
223223000 0.480481398 0.854189121 0.500000000 0.500000000 0.000000000 0.000000000 0.788907230 -0.044677969 0.612886012 1.768271538 0.044167627 0.998896539 0.015964646 0.163154534 -0.612923026 0.014475097 0.790010035 -4.169581473
223256000 0.480481398 0.854189121 0.500000000 0.500000000 0.000000000 0.000000000 0.791155815 -0.044082709 0.610023916 1.795477297 0.043431416 0.998930514 0.015859291 0.163020423 -0.610070586 0.013947030 0.792224288 -4.196006479
223289000 0.480481398 0.854189121 0.500000000 0.500000000 0.000000000 0.000000000 0.793372452 -0.043453991 0.607183635 1.822751977 0.042560954 0.998967648 0.015880605 0.162018627 -0.607246876 0.013243081 0.794402838 -4.221938379
223323000 0.480481398 0.854189121 0.500000000 0.500000000 0.000000000 0.000000000 0.795518458 -0.042903494 0.604408503 1.849788786 0.041808102 0.998999357 0.015885687 0.161245321 -0.604485273 0.012631816 0.796516180 -4.247653646
223356000 0.480481398 0.854189121 0.500000000 0.500000000 0.000000000 0.000000000 0.797709286 -0.042403910 0.601549506 1.877701964 0.041143913 0.999027312 0.015862005 0.160379264 -0.601636946 0.012096832 0.798678041 -4.273282240
223390000 0.480481398 0.854189121 0.500000000 0.500000000 0.000000000 0.000000000 0.799947083 -0.041918401 0.598604620 1.906149648 0.040459778 0.999054790 0.015892118 0.159019154 -0.598704994 0.011506557 0.800886989 -4.298581757
223423000 0.480481398 0.854189121 0.500000000 0.500000000 0.000000000 0.000000000 0.802232862 -0.041520342 0.595565677 1.935003940 0.039888620 0.999077260 0.015921114 0.157725329 -0.595677197 0.010983851 0.803148866 -4.323471281
223456000 0.480481398 0.854189121 0.500000000 0.500000000 0.000000000 0.000000000 0.804660141 -0.041365337 0.592292964 1.965213403 0.039503649 0.999089599 0.016108016 0.156622770 -0.592420101 0.010436256 0.805561662 -4.347541066
223490000 0.480481398 0.854189121 0.500000000 0.500000000 0.000000000 0.000000000 0.807268143 -0.041231140 0.588742852 1.996944191 0.039232232 0.999099195 0.016175261 0.156549912 -0.588879406 0.010039923 0.808158576 -4.370873411
223523000 0.480481398 0.854189121 0.500000000 0.500000000 0.000000000 0.000000000 0.809959531 -0.041038189 0.585048258 2.029547180 0.038950793 0.999110460 0.016157847 0.156819414 -0.585190892 0.009700891 0.810837507 -4.393620158
223556000 0.480481398 0.854189121 0.500000000 0.500000000 0.000000000 0.000000000 0.812645555 -0.041001830 0.581314027 2.062725503 0.038772825 0.999115586 0.016268320 0.157330281 -0.581466973 0.009318808 0.813516617 -4.415930177
223590000 0.480481398 0.854189121 0.500000000 0.500000000 0.000000000 0.000000000 0.815332592 -0.040702179 0.577560484 2.096039436 0.038462352 0.999130130 0.016114611 0.157755699 -0.577713966 0.009075565 0.816188812 -4.437857445
223623000 0.480481398 0.854189121 0.500000000 0.500000000 0.000000000 0.000000000 0.818001270 -0.040468503 0.573791087 2.129251988 0.038162101 0.999142468 0.016063599 0.158073570 -0.573949099 0.008757032 0.818844140 -4.459537914
223656000 0.480481398 0.854189121 0.500000000 0.500000000 0.000000000 0.000000000 0.820674241 -0.040216595 0.569979370 2.162979010 0.037806019 0.999155939 0.016064133 0.157578129 -0.570144296 0.008365230 0.821501970 -4.480448626
223690000 0.480481398 0.854189121 0.500000000 0.500000000 0.000000000 0.000000000 0.823303819 -0.039842680 0.566200852 2.196006005 0.037374664 0.999173820 0.015964402 0.157161585 -0.566369116 0.008018013 0.824112713 -4.502046786
223723000 0.480481398 0.854189121 0.500000000 0.500000000 0.000000000 0.000000000 0.826012373 -0.039508820 0.562265635 2.230474495 0.037098262 0.999188125 0.015709875 0.158325350 -0.562429845 0.007882526 0.826807439 -4.522999443
223757000 0.480481398 0.854189121 0.500000000 0.500000000 0.000000000 0.000000000 0.828642666 -0.039297130 0.558396816 2.264176670 0.036900755 0.999197781 0.015558947 0.159383139 -0.558560312 0.007712456 0.829428077 -4.544177198
223790000 0.480481398 0.854189121 0.500000000 0.500000000 0.000000000 0.000000000 0.831284940 -0.039064411 0.554472089 2.297696686 0.036648437 0.999208748 0.015452906 0.160407311 -0.554637015 0.007474767 0.832058847 -4.564956128
223823000 0.480481398 0.854189121 0.500000000 0.500000000 0.000000000 0.000000000 0.833932102 -0.038636390 0.550512969 2.330537939 0.036234312 0.999227107 0.015239562 0.161293712 -0.550676286 0.007238698 0.834687531 -4.585277382
223857000 0.480481398 0.854189121 0.500000000 0.500000000 0.000000000 0.000000000 0.836475730 -0.038095411 0.546678245 2.361146627 0.035753813 0.999249160 0.014925802 0.162894019 -0.546836376 0.007060761 0.837209702 -4.605655385
223890000 0.480481398 0.854189121 0.500000000 0.500000000 0.000000000 0.000000000 0.839040458 -0.037333190 0.542786658 2.391448691 0.035074335 0.999279320 0.014513070 0.163657374 -0.542937279 0.006860828 0.839745224 -4.625488291
223923000 0.480481398 0.854189121 0.500000000 0.500000000 0.000000000 0.000000000 0.841561317 -0.036573663 0.538922012 2.420759735 0.034405962 0.999308586 0.014090443 0.164220894 -0.539064765 0.006684160 0.842237771 -4.645909165
223957000 0.480481398 0.854189121 0.500000000 0.500000000 0.000000000 0.000000000 0.844117224 -0.035879899 0.534956813 2.450741036 0.033797275 0.999334872 0.013696753 0.164736479 -0.535092413 0.006518417 0.844768405 -4.665863007
223990000 0.480481398 0.854189121 0.500000000 0.500000000 0.000000000 0.000000000 0.846629798 -0.035029773 0.531028152 2.479698314 0.033161052 0.999364734 0.013054649 0.165824989 -0.531148136 0.006556996 0.847253621 -4.686568080
224023000 0.480481398 0.854189121 0.500000000 0.500000000 0.000000000 0.000000000 0.849201262 -0.034177970 0.526962161 2.509325258 0.032440398 0.999395013 0.012541442 0.165555610 -0.527071953 0.006444653 0.849796236 -4.706669464
224057000 0.480481398 0.854189121 0.500000000 0.500000000 0.000000000 0.000000000 0.851753891 -0.033391219 0.522876978 2.539030206 0.031806547 0.999421895 0.012011549 0.165225933 -0.522975802 0.006400029 0.852323532 -4.726457221
224090000 0.480481398 0.854189121 0.500000000 0.500000000 0.000000000 0.000000000 0.854276121 -0.032437731 0.518806398 2.567772088 0.031085331 0.999452829 0.011303875 0.164566110 -0.518889189 0.006470639 0.854817033 -4.746577356
224124000 0.480481398 0.854189121 0.500000000 0.500000000 0.000000000 0.000000000 0.856797874 -0.031500064 0.514689326 2.596639166 0.030315390 0.999483049 0.010704743 0.162642632 -0.514760494 0.006431207 0.857309878 -4.766187993
224157000 0.480481398 0.854189121 0.500000000 0.500000000 0.000000000 0.000000000 0.859317899 -0.030717092 0.510518610 2.625817934 0.029623749 0.999508321 0.010275378 0.159563127 -0.510583222 0.006293658 0.859805346 -4.785651339
224190000 0.480481398 0.854189121 0.500000000 0.500000000 0.000000000 0.000000000 0.861852825 -0.029770816 0.506283939 2.655225806 0.028885907 0.999536574 0.009602558 0.156882075 -0.506335199 0.006348478 0.862313390 -4.804890350
224224000 0.480481398 0.854189121 0.500000000 0.500000000 0.000000000 0.000000000 0.864305079 -0.028898465 0.502137005 2.683883349 0.028228065 0.999561548 0.008938065 0.154503003 -0.502175152 0.006449142 0.864741862 -4.824217092
224257000 0.480481398 0.854189121 0.500000000 0.500000000 0.000000000 0.000000000 0.866775930 -0.027983829 0.497911990 2.713141006 0.027518492 0.999587059 0.008274367 0.151846312 -0.497937918 0.006529765 0.867188096 -4.842854297
224291000 0.480481398 0.854189121 0.500000000 0.500000000 0.000000000 0.000000000 0.869214118 -0.027296124 0.493681788 2.741962784 0.026938818 0.999606371 0.007838604 0.148859397 -0.493701398 0.006485778 0.869607270 -4.862320545
224324000 0.480481398 0.854189121 0.500000000 0.500000000 0.000000000 0.000000000 0.871585965 -0.026268490 0.489538461 2.769982903 0.026214484 0.999632061 0.006967072 0.148031738 -0.489541352 0.006760596 0.871953845 -4.881490844
224357000 0.480481398 0.854189121 0.500000000 0.500000000 0.000000000 0.000000000 0.873902023 -0.025206653 0.485448122 2.797060843 0.025392575 0.999658346 0.006195141 0.146254495 -0.485438436 0.006912832 0.874243498 -4.901337927
224391000 0.480481398 0.854189121 0.500000000 0.500000000 0.000000000 0.000000000 0.876255989 -0.024251826 0.481235176 2.825287350 0.024701973 0.999680281 0.005400314 0.145837227 -0.481212288 0.007155402 0.876574874 -4.920930412
224424000 0.480481398 0.854189121 0.500000000 0.500000000 0.000000000 0.000000000 0.878537893 -0.023428196 0.477097750 2.852620144 0.024090046 0.999698579 0.004730930 0.145155383 -0.477064788 0.007337006 0.878837526 -4.940825084
224458000 0.480481398 0.854189121 0.500000000 0.500000000 0.000000000 0.000000000 0.880789220 -0.022428129 0.472977102 2.879785966 0.023367576 0.999719381 0.003890096 0.145152905 -0.472931623 0.007625974 0.881066144 -4.960100218
224491000 0.480481398 0.854189121 0.500000000 0.500000000 0.000000000 0.000000000 0.883085489 -0.021651981 0.468712300 2.907686772 0.022924215 0.999732733 0.002991500 0.146871214 -0.468651801 0.008103111 0.883345842 -4.978425950
224524000 0.480481398 0.854189121 0.500000000 0.500000000 0.000000000 0.000000000 0.885421395 -0.021165412 0.464306951 2.936333469 0.022688830 0.999739945 0.002306085 0.148549542 -0.464235008 0.008492725 0.885671377 -4.996104080
224558000 0.480481398 0.854189121 0.500000000 0.500000000 0.000000000 0.000000000 0.887749135 -0.020416576 0.459874630 2.964773085 0.022346146 0.999749541 0.001247493 0.151061353 -0.459784895 0.009168965 0.887982965 -5.012804628
224591000 0.480481398 0.854189121 0.500000000 0.500000000 0.000000000 0.000000000 0.890219629 -0.019893240 0.455097049 2.995307588 0.022302054 0.999751270 0.000075957 0.155576960 -0.454985380 0.010081980 0.890441835 -5.028482721
224624000 0.480481398 0.854189121 0.500000000 0.500000000 0.000000000 0.000000000 0.892712474 -0.019476872 0.450205564 3.026266275 0.022323690 0.999750257 -0.001014268 0.159731028 -0.450073361 0.010955699 0.892924368 -5.043360000
224658000 0.480481398 0.854189121 0.500000000 0.500000000 0.000000000 0.000000000 0.895292938 -0.018967543 0.445073873 3.058773402 0.022315901 0.999748349 -0.002283886 0.164758481 -0.444918543 0.011976971 0.895490944 -5.057542536
224691000 0.480481398 0.854189121 0.500000000 0.500000000 0.000000000 0.000000000 0.897940695 -0.018675948 0.439720064 3.093176216 0.022426005 0.999742925 -0.003334111 0.169123778 -0.439544767 0.012854998 0.898128688 -5.070895626
224725000 0.480481398 0.854189121 0.500000000 0.500000000 0.000000000 0.000000000 0.900512636 -0.018360430 0.434442073 3.126942321 0.022504710 0.999737084 -0.004396842 0.173212046 -0.434247136 0.013736405 0.900689065 -5.084135568
224758000 0.480481398 0.854189121 0.500000000 0.500000000 0.000000000 0.000000000 0.903081775 -0.017890749 0.429095864 3.161205213 0.022471461 0.999731719 -0.005610906 0.177661677 -0.428880364 0.014709518 0.903241515 -5.096773028
224791000 0.480481398 0.854189121 0.500000000 0.500000000 0.000000000 0.000000000 0.905641496 -0.017624293 0.423677742 3.195623319 0.022555236 0.999723613 -0.006626580 0.181409135 -0.423443884 0.015557458 0.905788720 -5.109525221
224825000 0.480481398 0.854189121 0.500000000 0.500000000 0.000000000 0.000000000 0.908183396 -0.017465180 0.418207973 3.230398608 0.022710705 0.999713421 -0.007568745 0.184927837 -0.417955935 0.016371606 0.908319771 -5.121461509
224858000 0.480481398 0.854189121 0.500000000 0.500000000 0.000000000 0.000000000 0.910673976 -0.017307859 0.412763119 3.264534830 0.022837473 0.999703348 -0.008466760 0.188165840 -0.412494123 0.017136924 0.910799086 -5.133367761
224891000 0.480481398 0.854189121 0.500000000 0.500000000 0.000000000 0.000000000 0.913142145 -0.016987182 0.407287240 3.298558198 0.022794312 0.999695897 -0.009409648 0.190924271 -0.407003552 0.017876178 0.913251638 -5.145204735
224925000 0.480481398 0.854189121 0.500000000 0.500000000 0.000000000 0.000000000 0.915611565 -0.016760403 0.401714474 3.333383834 0.022876546 0.999683857 -0.010432596 0.194864905 -0.401412606 0.018742045 0.915705562 -5.156903226
224958000 0.480481398 0.854189121 0.500000000 0.500000000 0.000000000 0.000000000 0.917982817 -0.016482100 0.396277606 3.366311966 0.022825653 0.999675632 -0.011297141 0.197312939 -0.395962864 0.019415876 0.918061256 -5.169827782
224991000 0.480481398 0.854189121 0.500000000 0.500000000 0.000000000 0.000000000 0.920300543 -0.016387369 0.390868723 3.399014053 0.023056475 0.999657571 -0.012375326 0.202659723 -0.390532076 0.020401074 0.920363247 -5.182271874
225025000 0.480481398 0.854189121 0.500000000 0.500000000 0.000000000 0.000000000 0.922558963 -0.016079091 0.385521024 3.430251544 0.022976615 0.999647677 -0.013290729 0.205795141 -0.385171473 0.021119449 0.922603309 -5.194608334
225058000 0.480481398 0.854189121 0.500000000 0.500000000 0.000000000 0.000000000 0.924759150 -0.015735649 0.380227387 3.460664132 0.022916311 0.999634147 -0.014365555 0.210227626 -0.379862249 0.021998089 0.924781442 -5.206083059
225092000 0.480481398 0.854189121 0.500000000 0.500000000 0.000000000 0.000000000 0.926917434 -0.015139039 0.374959797 3.489830845 0.022588577 0.999624968 -0.015480019 0.213629113 -0.374584824 0.022818508 0.926911831 -5.217168480
225125000 0.480481398 0.854189121 0.500000000 0.500000000 0.000000000 0.000000000 0.929042757 -0.014534646 0.369686782 3.518238015 0.022284279 0.999612153 -0.016700732 0.217986099 -0.369300663 0.023753896 0.929006338 -5.227722219
225158000 0.480481398 0.854189121 0.500000000 0.500000000 0.000000000 0.000000000 0.931142151 -0.013949824 0.364389420 3.546200637 0.021902107 0.999603450 -0.017699974 0.220985968 -0.363997996 0.024462089 0.931078434 -5.238033675
225192000 0.480481398 0.854189121 0.500000000 0.500000000 0.000000000 0.000000000 0.933254540 -0.013444172 0.358964026 3.574380447 0.021653343 0.999587655 -0.018858304 0.225659538 -0.358562499 0.025372371 0.933160841 -5.248145334
225225000 0.480481398 0.854189121 0.500000000 0.500000000 0.000000000 0.000000000 0.935240805 -0.013053154 0.353771508 3.599984123 0.021404637 0.999576688 -0.019704418 0.228625310 -0.353364557 0.026000725 0.935124278 -5.259075309
225258000 0.480481398 0.854189121 0.500000000 0.500000000 0.000000000 0.000000000 0.937261701 -0.012383673 0.348406643 3.626709467 0.020998990 0.999559700 -0.020962076 0.233449589 -0.347993672 0.026963139 0.937109053 -5.268887939
225292000 0.480481398 0.854189121 0.500000000 0.500000000 0.000000000 0.000000000 0.939260364 -0.011832368 0.343001366 3.652891597 0.020613547 0.999546170 -0.021966357 0.236904619 -0.342585802 0.027702602 0.939078033 -5.278879776
225325000 0.480481398 0.854189121 0.500000000 0.500000000 0.000000000 0.000000000 0.941201627 -0.011263873 0.337657630 3.678309760 0.020205846 0.999531746 -0.022979420 0.240393654 -0.337240666 0.028450923 0.940988481 -5.288534567
225358000 0.480481398 0.854189121 0.500000000 0.500000000 0.000000000 0.000000000 0.943054855 -0.010653550 0.332466632 3.702666125 0.019764947 0.999515712 -0.024035610 0.243644217 -0.332049549 0.029238082 0.942808688 -5.298403213
225392000 0.480481398 0.854189121 0.500000000 0.500000000 0.000000000 0.000000000 0.944749236 -0.009790525 0.327647805 3.724032702 0.019004077 0.999508560 -0.024930347 0.244176817 -0.327242702 0.029779568 0.944470942 -5.309973427
225425000 0.480481398 0.854189121 0.500000000 0.500000000 0.000000000 0.000000000 0.946299911 -0.009060778 0.323163092 3.742756403 0.018325748 0.999503314 -0.025638374 0.243954706 -0.322770268 0.030183796 0.945995927 -5.322198494
225459000 0.480481398 0.854189121 0.500000000 0.500000000 0.000000000 0.000000000 0.947810173 -0.008235458 0.318728715 3.760846869 0.017482031 0.999504864 -0.026161017 0.241837341 -0.318355471 0.030367704 0.947484910 -5.334330686
225492000 0.480481398 0.854189121 0.500000000 0.500000000 0.000000000 0.000000000 0.949281275 -0.007430862 0.314340383 3.778298588 0.016663827 0.999504685 -0.026695510 0.240231943 -0.313986301 0.030579662 0.948934913 -5.346374342
225525000 0.480481398 0.854189121 0.500000000 0.500000000 0.000000000 0.000000000 0.950703740 -0.006608772 0.310030162 3.794725637 0.015849937 0.999501705 -0.027297720 0.239008315 -0.309695244 0.030866005 0.950334728 -5.358749313
225559000 0.480481398 0.854189121 0.500000000 0.500000000 0.000000000 0.000000000 0.952105820 -0.005937752 0.305711120 3.810650022 0.015099932 0.999504626 -0.027614050 0.237028491 -0.305395693 0.030907715 0.951723814 -5.371173076
225592000 0.480481398 0.854189121 0.500000000 0.500000000 0.000000000 0.000000000 0.953495324 -0.005402294 0.301359385 3.826490747 0.014473984 0.999506533 -0.027877836 0.235623745 -0.301060081 0.030943258 0.953103006 -5.383006012
225625000 0.480481398 0.854189121 0.500000000 0.500000000 0.000000000 0.000000000 0.954848647 -0.004477015 0.297058910 3.841640864 0.013523779 0.999504983 -0.028406365 0.234476864 -0.296784669 0.031141138 0.954436541 -5.394542094
225659000 0.480481398 0.854189121 0.500000000 0.500000000 0.000000000 0.000000000 0.956173599 -0.003794469 0.292775780 3.856334930 0.012756067 0.999506474 -0.028705988 0.233276497 -0.292522371 0.031182576 0.955750108 -5.406241989
225692000 0.480481398 0.854189121 0.500000000 0.500000000 0.000000000 0.000000000 0.957508564 -0.003098911 0.288388103 3.871815099 0.011992355 0.999505222 -0.029076807 0.233033760 -0.288155317 0.031299744 0.957072020 -5.417454216
225726000 0.480481398 0.854189121 0.500000000 0.500000000 0.000000000 0.000000000 0.958824217 -0.002524057 0.283989012 3.887440788 0.011280973 0.999509811 -0.029204125 0.232343669 -0.283776075 0.031205293 0.958382666 -5.428317246
225759000 0.480481398 0.854189121 0.500000000 0.500000000 0.000000000 0.000000000 0.960132957 -0.002080679 0.279535979 3.903316546 0.010754928 0.999506891 -0.029500702 0.233727970 -0.279336780 0.031330988 0.959681869 -5.438418159
225792000 0.480481398 0.854189121 0.500000000 0.500000000 0.000000000 0.000000000 0.961493075 -0.001767809 0.274823427 3.920046050 0.010315977 0.999506772 -0.029661970 0.235606439 -0.274635434 0.031354852 0.961037099 -5.447439568
225826000 0.480481398 0.854189121 0.500000000 0.500000000 0.000000000 0.000000000 0.962919354 -0.001377618 0.269785792 3.938917799 0.009911884 0.999492526 -0.030273741 0.241183482 -0.269607186 0.031825259 0.962444365 -5.453701018
225859000 0.480481398 0.854189121 0.500000000 0.500000000 0.000000000 0.000000000 0.964363992 -0.001352420 0.264575541 3.958602231 0.009785907 0.999485016 -0.030560091 0.247064808 -0.264397949 0.032060165 0.963880658 -5.458823543
225892000 0.480481398 0.854189121 0.500000000 0.500000000 0.000000000 0.000000000 0.965838015 -0.001443317 0.259142607 3.979942886 0.009808214 0.999471605 -0.030989084 0.255379847 -0.258960932 0.032472163 0.965341806 -5.463166054
225926000 0.480481398 0.854189121 0.500000000 0.500000000 0.000000000 0.000000000 0.967257440 -0.001463029 0.253792971 4.000878811 0.009796613 0.999453366 -0.031575415 0.264973519 -0.253608048 0.033027865 0.966743052 -5.467732359
225959000 0.480481398 0.854189121 0.500000000 0.500000000 0.000000000 0.000000000 0.968647003 -0.001747182 0.248434976 4.021830341 0.010009634 0.999437809 -0.031998724 0.275292377 -0.248239398 0.033482213 0.968119919 -5.472461376
225992000 0.480481398 0.854189121 0.500000000 0.500000000 0.000000000 0.000000000 0.970027387 -0.001908164 0.242988199 4.043426415 0.010099323 0.999421716 -0.032468900 0.285613054 -0.242785722 0.033949737 0.969485700 -5.476709320
226026000 0.480481398 0.854189121 0.500000000 0.500000000 0.000000000 0.000000000 0.971381783 -0.002272013 0.237512663 4.065053780 0.010398165 0.999402344 -0.032966383 0.297720985 -0.237295821 0.034492638 0.970824897 -5.480782898
